# Array shape: (1, 23, 3)
2450.00 3.00    -5.66  
2200.00 3.00    -32.93 
1950.00 0.00    -31.31 
1954.00 3.00    -29.77 
1704.00 3.00    -28.20 
1454.00 3.00    -26.77 
1204.00 0.00    -25.50 
1208.00 0.00    -23.75 
1212.00 0.00    -22.05 
1216.00 0.00    -20.40 
1220.00 0.00    -18.82 
1224.00 3.00    -17.33 
974.00  0.00    -15.70 
978.00  0.00    -14.16 
982.00  0.00    -12.75 
986.00  0.00    -11.51 
990.00  0.00    -10.51 
994.00  3.00    -9.82  
744.00  3.00    -7.43  
494.00  3.00    -5.15  
244.00  0.00    -3.20  
248.00  3.00    -2.06  
48.00   0.00    -0.50  
# New slice
